 #pm6
 
 title
 
 0,1
6           -0.7605300000       -1.3163300000        0.0196100000
6            0.6199900000       -1.3333000000       -0.0027400000
6            1.2893200000       -0.1222400000       -0.0211900000
6            0.6510000000        1.1272500000       -0.0410200000
6           -0.7502900000        1.0558400000       -0.0221800000
6           -1.4651300000       -0.1290200000       -0.0037500000
1            1.1623600000       -2.2650200000       -0.0092800000
1           -2.5432100000       -0.1247900000       -0.0110800000
6            1.4004000000        2.4246600000       -0.1565100000
1            1.6327200000        2.8178900000        0.8328100000
1            2.3403000000        2.2862200000       -0.6814800000
1            0.8079400000        3.1724100000       -0.6741800000
7           -1.5720000000        2.2904500000       -0.0103600000
8           -2.6005700000        2.2741400000       -0.6637200000
8           -1.1776500000        3.2205100000        0.6725400000
7            2.7694800000       -0.2173500000       -0.0079700000
8            3.3780000000        0.5926900000        0.6705700000
8            3.2695700000       -1.1201800000       -0.6559400000
7           -1.4999000000       -2.5969100000        0.0584400000
8           -2.7171200000       -2.5361100000        0.0741400000
8           -0.8387000000       -3.6207900000        0.0721000000
 
