 #pm6
 
 title
 
 0,1
6           -0.7605300000       -1.3163300000        0.0196100000
6            0.6199900000       -1.3333000000       -0.0027400000
6            1.2893200000       -0.1222400000       -0.0211900000
6            0.6510000000        1.1272500000       -0.0410200000
6           -0.7502900000        1.0558400000       -0.0221800000
6           -1.4651300000       -0.1290200000       -0.0037500000
1            1.1623600000       -2.2650200000       -0.0092800000
1           -2.5432100000       -0.1247900000       -0.0110800000
6            1.4004000000        2.4246600000       -0.1565100000
1            1.6327200000        2.8178900000        0.8328100000
1            2.3403000000        2.2862200000       -0.6814800000
1            0.8079400000        3.1724100000       -0.6741800000
7           -1.5720000000        2.2904500000       -0.0103600000
8           -2.6005700000        2.2741400000       -0.6637200000
8           -1.1776500000        3.2205100000        0.6725400000
7            2.7694800000       -0.2173500000       -0.0079700000
8            3.3780000000        0.5926900000        0.6705700000
8            3.2695700000       -1.1201800000       -0.6559400000
7           -1.4999000000       -2.5969100000        0.0584400000
8           -2.7171200000       -2.5361100000        0.0741400000
8           -0.8387000000       -3.6207900000        0.0721000000
14          -1.4696564633       -1.7003994214        6.5766728976
8           -0.1975656500       -2.5524294301        7.2058456703
8           -2.9047644870       -2.4747866509        6.7970274958
8           -1.1897424984       -1.6460011432        4.9538294393
6           -1.6368412317       -0.0205928391        7.3736630573
1           -1.7632510631       -0.1503601960        8.4513446274
1           -0.6864270087        0.5109546327        7.2502690709
6            0.0492168879       -1.3528230587        4.3144702109
1            0.3396867095       -0.3180116863        4.5280033375
1            0.8316820372       -2.0033939493        4.7132684437
6            0.0095411410       -2.8625290220        8.5805344427
1            0.0948073890       -1.9391914560        9.1627745600
1           -0.8509960956       -3.4158867768        8.9700113142
6           -3.2776151340       -3.7228688562        6.2139928433
1           -2.5237199465       -4.4815895465        6.4469468229
1           -3.3133537077       -3.6185047163        5.1265056224
6           -4.6309754573       -4.1421159514        6.7537727458
1           -4.9364277715       -5.0942192997        6.3159552892
1           -4.5953929336       -4.2561750424        7.8375691982
1           -5.3871793564       -3.3941866662        6.5140237367
6           -0.0987439415       -1.5516003242        2.8185917750
1            0.8399810063       -1.3232290861        2.3105709421
1           -0.3701272933       -2.5834664930        2.5943938912
1           -0.8757128728       -0.8995148185        2.4188204915
6            1.2732694913       -3.6880893770        8.7249303301
1            2.1361696858       -3.1361450093        8.3514849921
1            1.4486190580       -3.9353993665        9.7734522825
1            1.1915421744       -4.6167470315        8.1596513544
6           -2.7866579615        0.8469212876        6.8412761058
1           -3.7257097405        0.2887981995        6.9008148779
1           -2.6341967925        1.0645752568        5.7812143024
6           -2.9535397505        2.1708624504        7.5885528126
1           -3.6919984688        2.7863008984        7.0553208977
1           -2.0089900050        2.7207252056        7.5635127544
7           -3.2965931887        1.9439557839        8.9966645679
1           -3.3004722008        2.8160815949        9.5106286011
1           -4.2310303440        1.5580174149        9.0711138277
 
