 #pm6
 
 title
 
 0,1
14          -0.2753139228        2.3276082819       -7.0195400984
8           -1.8834338048        2.6941020834       -6.8793213783
8            0.6885369927        3.5929641535       -6.5980751525
8           -0.0368493428        2.0475675114       -8.6256670241
6            0.2047398477        0.8964851541       -5.9212099176
1           -0.0382475543        1.1471105283       -4.8856614527
1           -0.4338720853        0.0429296082       -6.1755201913
6           -0.8640353055        1.2677407190       -9.4843797409
1           -0.8405241775        0.2188799943       -9.1679273798
1           -1.8989035055        1.6111702830       -9.4092920098
6           -2.5719902724        3.0112178187       -5.6734392108
1           -2.5088269901        2.1701658412       -4.9752500394
1           -2.0985212379        3.8723451697       -5.1910408976
6            0.7748871627        4.8410504570       -7.2847194776
1           -0.2223624728        5.2822895503       -7.3800285709
1            1.1576129216        4.6732222336       -8.2947453464
6            1.6914153508        5.7722035673       -6.5155351042
1            1.7741175402        6.7326344935       -7.0276081568
1            1.3066600603        5.9487771620       -5.5107090125
1            2.6891004207        5.3412808400       -6.4280579959
6           -0.3634444719        1.3903576768      -10.9103639632
1           -0.9812425735        0.7918975296      -11.5823863399
1           -0.3999871618        2.4285961304      -11.2411009438
1            0.6672846944        1.0434152629      -10.9874460831
6           -4.0229904305        3.3186575261       -5.9888576361
1           -4.5037059728        2.4592085252       -6.4567900389
1           -4.5673670116        3.5640804319       -5.0752221939
1           -4.0960306343        4.1646408567       -6.6726719727
6            1.6802990527        0.4778965422       -5.9960680819
1            2.3183812951        1.3468853660       -5.8101273208
1            1.9241941297        0.1376396473       -7.0055675233
6            2.0555450783       -0.6277896027       -5.0082721617
1            3.0782490253       -0.9654346182       -5.2284868695
1            1.3997537781       -1.4884888380       -5.1641082056
7            1.8783744058       -0.1813607269       -3.6221759082
1            2.0241715429       -0.9472998412       -2.9765305160
1            2.5655537771        0.5276929337       -3.3926299820
 
