 7.15619981921918
   162.061195905990        91.6559976845747        172.367995645618
   343.198791330069        14.4683996344975
          21
           6 -0.760530000000000       -1.31633000000000     
  1.961000000000000E-002
           6  0.619990000000000       -1.33330000000000     
 -2.740000000000000E-003
           6   1.28932000000000      -0.122240000000000     
 -2.119000000000000E-002
           6  0.651000000000000        1.12725000000000     
 -4.102000000000000E-002
           6 -0.750290000000000        1.05584000000000     
 -2.218000000000000E-002
           6  -1.46513000000000      -0.129020000000000     
 -3.750000000000000E-003
           1   1.16236000000000       -2.26502000000000     
 -9.280000000000000E-003
           1  -2.54321000000000      -0.124790000000000     
 -1.108000000000000E-002
           6   1.40040000000000        2.42466000000000     
 -0.156510000000000     
           1   1.63272000000000        2.81789000000000     
  0.832810000000000     
           1   2.34030000000000        2.28622000000000     
 -0.681480000000000     
           1  0.807940000000000        3.17241000000000     
 -0.674180000000000     
           7  -1.57200000000000        2.29045000000000     
 -1.036000000000000E-002
           8  -2.60057000000000        2.27414000000000     
 -0.663720000000000     
           8  -1.17765000000000        3.22051000000000     
  0.672540000000000     
           7   2.76948000000000      -0.217350000000000     
 -7.970000000000000E-003
           8   3.37800000000000       0.592690000000000     
  0.670570000000000     
           8   3.26957000000000       -1.12018000000000     
 -0.655940000000000     
           7  -1.49990000000000       -2.59691000000000     
  5.844000000000000E-002
           8  -2.71712000000000       -2.53611000000000     
  7.414000000000000E-002
           8 -0.838700000000000       -3.62079000000000     
  7.210000000000000E-002
          37
          14 -0.164860000000000      -3.108000000000000E-002
  0.277010000000000     
           8  -1.78370000000000       6.088000000000000E-002
  0.610070000000000     
           8  0.304110000000000       -1.56141000000000     
 -0.104990000000000     
           8  0.587420000000000       0.371280000000000     
   1.68666000000000     
           6  0.304950000000000        1.05229000000000     
  -1.16884000000000     
           1 -0.279560000000000       0.751710000000000     
  -2.04189000000000     
           1 -9.350000000000001E-003   2.07748000000000     
 -0.942440000000000     
           6  0.255390000000000        1.45697000000000     
   2.54735000000000     
           1  0.436580000000000        2.40658000000000     
   2.03139000000000     
           1 -0.807730000000000        1.41586000000000     
   2.79759000000000     
           6  -2.84637000000000      -0.197630000000000     
 -0.302470000000000     
           1  -2.78847000000000       0.494710000000000     
  -1.14872000000000     
           1  -2.75289000000000       -1.21198000000000     
 -0.703440000000000     
           6  0.284110000000000       -2.68453000000000     
  0.775270000000000     
           1 -0.718280000000000       -2.80762000000000     
   1.19758000000000     
           1  0.970970000000000       -2.50566000000000     
   1.60655000000000     
           6  0.688640000000000       -3.92806000000000     
  8.000000000000000E-003
           1  0.683600000000000       -4.79903000000000     
  0.665930000000000     
           1 -6.900000000000000E-004  -4.11400000000000     
 -0.816100000000000     
           1   1.69123000000000       -3.81390000000000     
 -0.404920000000000     
           6   1.10227000000000        1.37920000000000     
   3.80266000000000     
           1  0.866990000000000        2.20920000000000     
   4.47138000000000     
           1  0.915670000000000       0.445210000000000     
   4.33323000000000     
           1   2.16297000000000        1.42508000000000     
   3.55462000000000     
           6  -4.17374000000000      -3.638000000000000E-002
  0.412720000000000     
           1  -4.27852000000000       0.976600000000000     
  0.802070000000000     
           1  -5.00114000000000      -0.230680000000000     
 -0.272090000000000     
           1  -4.24613000000000      -0.732420000000000     
   1.24873000000000     
           6   1.79448000000000        1.03927000000000     
  -1.54197000000000     
           1   2.12436000000000       8.260000000000000E-003
  -1.70028000000000     
           1   2.39374000000000        1.42144000000000     
 -0.711800000000000     
           6   2.12125000000000        1.85734000000000     
  -2.79220000000000     
           1   3.21366000000000        1.91487000000000     
  -2.90061000000000     
           1   1.76427000000000        2.88169000000000     
  -2.65647000000000     
           7   1.44959000000000        1.30741000000000     
  -3.97474000000000     
           1   1.58131000000000        1.91153000000000     
  -4.77628000000000     
           1   1.85063000000000       0.408830000000000     
  -4.21843000000000     
